4.250000000000000000e+00 7.500000000000000000e-01
4.002000691750525974e+00 8.359999870498033836e-01
3.727999951541479007e+00 1.194000104088231096e+00
3.134000069816333500e+00 1.713000012003493833e+00
2.662000045002743231e+00 2.212999930998766462e+00
2.344000075780305892e+00 2.435999958882146821e+00
1.735999995368544768e+00 3.143000007476036917e+00
1.196000060491695605e+00 3.546999940086253744e+00
7.209999594905702747e-01 3.840999993895941600e+00
1.350000000000000089e+00 4.049999999999999822e+00
