-2.166200309676463366e+05
-2.145496011617329495e+05
-2.110350184117341705e+05
-2.088750017700575117e+05
-2.059700386509161035e+05
-2.027896716191780870e+05
-2.004815123786902695e+05
-1.975126620961048175e+05
-1.949900501076846849e+05
-1.928206326663796208e+05
-1.910417035864237114e+05
-1.894805088604803896e+05
-1.876831582291169907e+05
-1.861605114285487507e+05
-1.846835618111091899e+05
-1.837539671663137560e+05
-1.825798454564192798e+05
-1.814033917939377716e+05
-1.803517673396462342e+05
-1.795115813680885476e+05
-1.787145991889226716e+05
-1.777383666747094539e+05
-1.769639285979741544e+05
-1.765485415514146152e+05
-1.756866327381926822e+05
-1.752071151363053359e+05
-1.744782568968037667e+05
-1.742619100510765566e+05
-1.738623370326048462e+05
-1.732936031373114674e+05
-1.728102055296529725e+05
-1.727703034743340104e+05
-1.724313958799715328e+05
-1.720097868583364179e+05
-1.719379126287467661e+05
-1.715124076973898627e+05
-1.714020839090287045e+05
-1.711440187538096507e+05
-1.709125647031789995e+05
-1.708118981531998434e+05
-1.703014132943524164e+05
-1.702635164673572581e+05
-1.702085262777657481e+05
-1.699913016894589819e+05
-1.694908806751593365e+05
-1.694810810642352735e+05
-1.692389233694762806e+05
-1.693414177509091678e+05
-1.691154612559794623e+05
-1.689865798239279247e+05
-1.686135421181448037e+05
-1.686141746018949198e+05
-1.684973738026731298e+05
-1.681794186853691645e+05
-1.680436101560886600e+05
-1.680744009869687725e+05
-1.679554536917639780e+05
-1.679116031570160412e+05
-1.675920500961320940e+05
-1.674463920601705613e+05
-1.674818801690392138e+05
-1.673437031085042981e+05
-1.671380705168085115e+05
-1.671063306615083129e+05
-1.670823341666302294e+05
-1.668933799406150647e+05
-1.667201835682919482e+05
-1.666686295904993312e+05
-1.665663011213492427e+05
-1.665166206862193649e+05
-1.663907847827699152e+05
-1.661301895550783665e+05
-1.660395377994762966e+05
-1.660209223057790077e+05
-1.659084081362528959e+05
-1.659107506667992566e+05
-1.656353341705854400e+05
-1.656237954086459649e+05
-1.655622258796645910e+05
-1.653446159880419145e+05
-1.653471138084873965e+05
-1.653556812224358728e+05
-1.651748046574388864e+05
-1.650009447813915031e+05
-1.650141297360119934e+05
-1.648952776913480484e+05
-1.648320086364526360e+05
-1.645823196945642703e+05
-1.645367822404189792e+05
-1.645577834243217076e+05
-1.642633117683561286e+05
-1.642370829886294669e+05
-1.640737705806285958e+05
-1.641459133978110040e+05
-1.640628061691956536e+05
-1.639223011324990366e+05
-1.638565074978118064e+05
-1.636787409724289901e+05
-1.635723271650315728e+05
-1.635318774508173228e+05
-1.635550596898993244e+05
-1.633244582503889978e+05
-1.632136703749252483e+05
-1.629625211266792030e+05
-1.629340738535267301e+05
-1.627817236937806301e+05
-1.627325692437398247e+05
-1.627380829754621082e+05
-1.624746590299823729e+05
-1.622382932216607442e+05
-1.622806453866290103e+05
-1.621653463744178007e+05
-1.619800855838585121e+05
-1.618389258802270633e+05
-1.617445104569423711e+05
-1.613947545726049575e+05
-1.613569786326813046e+05
-1.614322421562075324e+05
-1.609684326557458262e+05
-1.608283884681941418e+05
-1.607428058848245710e+05
-1.604769408228271641e+05
-1.603752411702371901e+05
-1.602444875341120351e+05
-1.600579096761515830e+05
-1.598947370739179314e+05
-1.594836058285229083e+05
-1.594811892021727690e+05
-1.592897632662336691e+05
-1.590240395476311969e+05
-1.589703688664784713e+05
-1.585527614990989969e+05
-1.585228365461038775e+05
-1.584264987881513662e+05
-1.580185613384276803e+05
-1.579172115477226616e+05
-1.576275063243549957e+05
-1.575022025879275461e+05
-1.572326578205685073e+05
-1.570403370172636642e+05
-1.570687784844030102e+05
-1.567431402182241436e+05
-1.567220472216583730e+05
-1.564459679219789687e+05
-1.563268071519579971e+05
-1.560681316408454441e+05
-1.558654605003879697e+05
-1.557111745625674957e+05
-1.555604936856418208e+05
-1.552656332819351228e+05
-1.551210926016858721e+05
-1.548789304196103476e+05
-1.547260366163762519e+05
-1.546694823682711576e+05
-1.544583208121562493e+05
-1.543425800783883024e+05
-1.541921319792707509e+05
-1.539266506005891715e+05
-1.536893625345227483e+05
-1.535848019274949329e+05
-1.534070126879897434e+05
-1.531273236539546342e+05
-1.531491419407603971e+05
-1.529331235465366917e+05
-1.527063254287992895e+05
-1.527567965178840968e+05
-1.525571629299890192e+05
-1.523753277011376049e+05
-1.522662303424947022e+05
-1.521056003258609271e+05
-1.518608136965243320e+05
-1.517638436477047799e+05
-1.517022057144927676e+05
-1.517367754337087390e+05
-1.514924913232843392e+05
-1.513426976660925720e+05
-1.512060400782829674e+05
-1.510818737358648214e+05
-1.509243932087620196e+05
-1.508014679286536411e+05
-1.507139244091975561e+05
-1.506595682807976555e+05
-1.504278362376562436e+05
-1.503706336726485461e+05
-1.502832576587925432e+05
-1.501813633343761321e+05
-1.500818304105605639e+05
-1.500084929094021791e+05
-1.499046125839392480e+05
-1.497634628207548812e+05
-1.496169511477079359e+05
-1.496548834429411218e+05
-1.494887315609080251e+05
-1.493422819363003946e+05
-1.492251929353051237e+05
-1.492200115973933425e+05
-1.492124971102671698e+05
-1.490533772623437399e+05
-1.488998475412019761e+05
-1.488473056458264764e+05
-1.488473737967448833e+05
-1.486136614107006753e+05
-1.486133114717217395e+05
-1.485304038131774287e+05
-1.484659440269668412e+05
-1.484279167134468735e+05
-1.483377754799852555e+05
-1.483300475030479138e+05
-1.481154428729261563e+05
-1.481964085890082351e+05
-1.481126818864225061e+05
-1.479388084878521331e+05
-1.479495182574381179e+05
-1.479325482005256054e+05
-1.477574586250438006e+05
-1.477253861299897253e+05
-1.476612628735551843e+05
-1.476144019511499791e+05
-1.476254741106952424e+05
-1.475851590985729999e+05
-1.474954326256794448e+05
-1.474357340976297273e+05
-1.473012923049672972e+05
-1.473453520846091269e+05
-1.472858612604330701e+05
-1.473399957325483556e+05
-1.471226761873679352e+05
-1.471376948955892003e+05
-1.469821595447638247e+05
-1.469142832418101607e+05
-1.469102679573874630e+05
-1.468246203793156019e+05
-1.468651815054423641e+05
-1.467952842584082100e+05
-1.467487537913162378e+05
-1.467836709207513486e+05
-1.467505063480502577e+05
-1.466357793679594470e+05
-1.465732089154076530e+05
-1.465435219649727514e+05
-1.466414248315917212e+05
-1.464828862767818791e+05
-1.464631511271221680e+05
-1.463841001169755473e+05
-1.463429934299468005e+05
-1.463052323917792528e+05
-1.463494119348036184e+05
-1.462517499126082985e+05
-1.462011473522999149e+05
-1.460124416533455369e+05
-1.460732655165462056e+05
-1.460575083541147469e+05
-1.461013110351410578e+05
-1.460679566073345777e+05
-1.460088940112891141e+05
-1.459948324118073506e+05
-1.459140622068904631e+05
-1.458198289688104123e+05
-1.458313797082969395e+05
-1.458463200767843227e+05
-1.457211060422664741e+05
-1.457001634651858185e+05
-1.456897659611123672e+05
-1.456727246237104991e+05
-1.456489738875637413e+05
-1.456176176277425839e+05
-1.455651015468531987e+05
-1.455296988771145989e+05
-1.455820343064162007e+05
-1.454435886849622766e+05
-1.454738917283572955e+05
-1.454361728295701032e+05
-1.454099888188846235e+05
-1.453514701958059450e+05
-1.453930023775701702e+05
-1.453555827349106257e+05
-1.453177924188190664e+05
-1.452160183673783904e+05
-1.452349522937169822e+05
-1.452184311854578555e+05
-1.451476102991333173e+05
-1.450549758099690953e+05
-1.451377063519685471e+05
-1.450978090422364476e+05
-1.450792395432018675e+05
-1.450422194932362472e+05
-1.450122800299069204e+05
-1.449628454763977788e+05
-1.449588812006738444e+05
-1.449426701753626985e+05
-1.449018279215043876e+05
-1.448190732898183342e+05
-1.448167809679064085e+05
-1.447882248766398407e+05
-1.447610805517733679e+05
-1.447358791550209862e+05
-1.447461401661374839e+05
-1.446617961364433577e+05
-1.446586365920501121e+05
-1.446475755221970612e+05
-1.446475755221752333e+05
