-2.165819878825153573e+05
-2.151236264335510787e+05
-2.145116891357392888e+05
-2.135432712956647447e+05
-2.128953289548906905e+05
-2.121602636901127989e+05
-2.117728265618543373e+05
-2.111975964793421153e+05
-2.112743226939495944e+05
-2.100503813340520428e+05
-2.099185898059324827e+05
-2.094977977704568766e+05
-2.090072774400674680e+05
-2.086346026199340995e+05
-2.082492611860506586e+05
-2.081343251898778544e+05
-2.075645721588949673e+05
-2.072277073521660932e+05
-2.063030200777549180e+05
-2.064027883538327587e+05
-2.057087901901589066e+05
-2.059746730775789765e+05
-2.056537607793717179e+05
-2.047199911427540355e+05
-2.042908516453110788e+05
-2.040538695559071493e+05
-2.036558438329941418e+05
-2.027347958602591534e+05
-2.023447594772257144e+05
-2.021750318170421524e+05
-2.016243472931352444e+05
-2.013996667458402517e+05
-2.012230461405724345e+05
-2.015376908837176452e+05
-2.011945270809376962e+05
-2.009844415820662107e+05
-2.013360981216360524e+05
-2.007295769545598014e+05
-2.012164199380647042e+05
-2.008322204911020526e+05
-2.004594802708105126e+05
-2.006677694853832654e+05
-2.001695177176954458e+05
-2.001219549836222141e+05
-1.998933624263120000e+05
-1.997668765657812764e+05
-1.997036843270632380e+05
-1.998227921102124383e+05
-1.992108658957627486e+05
-1.986598817555568821e+05
-1.988538689332478971e+05
-1.980329931040397205e+05
-1.983162592528462701e+05
-1.984511368100753753e+05
-1.984826289449620235e+05
-1.981661169268522062e+05
-1.973647432205819350e+05
-1.967996323093130195e+05
-1.967631443144158984e+05
-1.966492471541226550e+05
-1.965909076451794244e+05
-1.962960594956384157e+05
-1.963410726956521685e+05
-1.959203203139034740e+05
-1.952751202271023358e+05
-1.954269732280399185e+05
-1.951918717585335835e+05
-1.948623712045881257e+05
-1.950535322781392897e+05
-1.947975797007655783e+05
-1.948294174666094477e+05
-1.940840856760133465e+05
-1.940775440874809283e+05
-1.943815716103988234e+05
-1.943037556156865903e+05
-1.939525559448127460e+05
-1.939636778717350098e+05
-1.937559486005594663e+05
-1.938340136583753629e+05
-1.938123088851636567e+05
-1.938541686625746952e+05
-1.939424547183467948e+05
-1.938062464081692451e+05
-1.928021977097794006e+05
-1.928954851752417162e+05
-1.924618785403258225e+05
-1.922571971879211778e+05
-1.918919775094647193e+05
-1.919745085539674910e+05
-1.920677853183664847e+05
-1.919315213359059708e+05
-1.919183376002174919e+05
-1.913919697455134883e+05
-1.915700704690979910e+05
-1.913096792489045183e+05
-1.914995090646262106e+05
-1.918239150389124989e+05
-1.914157627733239788e+05
-1.913185183653213317e+05
-1.913111643440676562e+05
-1.912327327650417865e+05
-1.919121819395350467e+05
-1.915753555503731186e+05
-1.919402923439211445e+05
-1.919483979732351727e+05
-1.919303624497475103e+05
-1.917589975154747081e+05
-1.917060500263346767e+05
-1.916975077528490219e+05
-1.916625015265920665e+05
-1.917256106985440420e+05
-1.914769528362676792e+05
-1.909744665566555632e+05
-1.904658530458905152e+05
-1.904561482020504773e+05
-1.899985904314761865e+05
-1.900654677733015560e+05
-1.900970353965815448e+05
-1.900433744932216941e+05
-1.902872004208908766e+05
-1.902496507380129769e+05
-1.905031282587479218e+05
-1.903419318007849797e+05
-1.904148619132503518e+05
-1.907883254490796826e+05
-1.909124748328620335e+05
-1.903731011536731385e+05
-1.906419609857495816e+05
-1.904399593376750709e+05
-1.901425844945713761e+05
-1.899887206386739854e+05
-1.899939708447471494e+05
-1.896231946545935934e+05
-1.895791136172669649e+05
-1.898949801599891507e+05
-1.898046945109455846e+05
-1.893473899086589809e+05
-1.894835418987266894e+05
-1.895323249917108624e+05
-1.897806819990754302e+05
-1.897580756863605930e+05
-1.896915864500361204e+05
-1.895198089661792037e+05
-1.892861545363434416e+05
-1.889701351266724814e+05
-1.896531587225872208e+05
-1.894986370620700181e+05
-1.894951330858648289e+05
-1.900458087978059775e+05
-1.901109436714544136e+05
-1.896663671277076355e+05
-1.896691880463752605e+05
-1.891428400114648102e+05
-1.895151459163457330e+05
-1.893869279107317561e+05
-1.894106520980177738e+05
-1.893929646667872730e+05
-1.895365678486238176e+05
-1.894744680073366908e+05
-1.893184635140422033e+05
-1.892032186293263221e+05
-1.896441774961197225e+05
-1.894358321687369025e+05
-1.892535039004475693e+05
-1.888458628893122950e+05
-1.888919166963603930e+05
-1.891546043326267391e+05
-1.889981358499077614e+05
-1.892562065973299905e+05
-1.889896170527568320e+05
-1.887900779079038475e+05
-1.888718928827414347e+05
-1.892398434515439149e+05
-1.889797054766752699e+05
-1.894651848132694431e+05
-1.888968111763578199e+05
-1.885916576519414375e+05
-1.888389238506261609e+05
-1.888552888552202785e+05
-1.891318168701625546e+05
-1.893968281350957113e+05
-1.891854671109839983e+05
-1.889593798827552819e+05
-1.891932881385646178e+05
-1.891927541113322368e+05
-1.889335992454386724e+05
-1.888819292121551989e+05
-1.889961808412112587e+05
-1.892790683969132660e+05
-1.890062578350043041e+05
-1.889978131133427378e+05
-1.891296540325572132e+05
-1.889987617931125278e+05
-1.888912804654386127e+05
-1.890379159411332512e+05
-1.889585557573270053e+05
-1.892081318938986806e+05
-1.890425052050487720e+05
-1.888889404109432944e+05
-1.890808360186262580e+05
-1.885735544827375852e+05
-1.891116539817854646e+05
-1.889281291849876288e+05
-1.887968213608403748e+05
-1.887327479956384341e+05
-1.889092810064859223e+05
-1.889485083913759154e+05
-1.890252797904392355e+05
-1.886577393260326644e+05
-1.891470940739192301e+05
-1.890540399609899032e+05
-1.894398265016072546e+05
-1.893630591529300727e+05
-1.892467278163227602e+05
-1.887359160120822489e+05
-1.890765636893225601e+05
-1.890572671513742534e+05
-1.887178847967317852e+05
-1.887283895459381165e+05
-1.890997455839578470e+05
-1.888286908847816230e+05
-1.889499271023713809e+05
-1.885591924044786720e+05
-1.889771677336677385e+05
-1.891660936949594470e+05
-1.886917742103088531e+05
-1.887132006419973040e+05
-1.884938331359084405e+05
-1.884443886828068062e+05
-1.882211043725947966e+05
-1.883526839155895577e+05
-1.884390939266028872e+05
-1.885430678759145085e+05
-1.881983738213679171e+05
-1.883827780256102851e+05
-1.881435359494139557e+05
-1.882737409129599982e+05
-1.878123237185860635e+05
-1.883450559661781008e+05
-1.884942795484970557e+05
-1.881826009669268096e+05
-1.885810311068417795e+05
-1.884571636657451163e+05
-1.885250723900475423e+05
-1.885790415861808287e+05
-1.885952837830989738e+05
-1.877354267042837164e+05
-1.882460629084710090e+05
-1.877779034211640246e+05
-1.880388238448216289e+05
-1.881053784161424555e+05
-1.878415903874259675e+05
-1.879352843773372006e+05
-1.878703699125420535e+05
-1.879244651127078687e+05
-1.878627496518244443e+05
-1.875903083959462238e+05
-1.873546444468950795e+05
-1.877777108582150540e+05
-1.876558951279068424e+05
-1.876764606965633575e+05
-1.876924909762805619e+05
-1.875930725362737139e+05
-1.878469052580593270e+05
-1.879411096192019177e+05
-1.877291320196850284e+05
-1.877385323658394336e+05
-1.876866100475730782e+05
-1.877978111656154215e+05
-1.872877194663461414e+05
-1.874535434920095431e+05
-1.874452328061790322e+05
-1.874802768727644288e+05
-1.872871602373312053e+05
-1.877179582821934600e+05
-1.873958003643390839e+05
-1.874755165662118525e+05
-1.873617032046910317e+05
-1.879971287338328839e+05
-1.880830540304111782e+05
-1.883240627286016243e+05
-1.885375685974946246e+05
-1.885913985268573451e+05
-1.885521763927178108e+05
-1.883224976419020677e+05
-1.882802827054490335e+05
-1.883859192601161776e+05
-1.884942476535397873e+05
-1.882505920848935493e+05
-1.880843064566341054e+05
-1.880960294617317850e+05
-1.876966571671046549e+05
-1.879968386767748161e+05
-1.879284774074951129e+05
-1.880789026837824786e+05
-1.881740698664339434e+05
-1.880555443523678987e+05
-1.878174785728175484e+05
-1.876208028980231611e+05
-1.877946450778986618e+05
-1.877946450779000879e+05
