7.00000 12.00000 16.00000 20.00000 25.00000 26.00000 25.00000 20.00000 16.00000 13.00000 10.00000 12.00000 13.00000 15.00000 16.00000 15.00000 13.00000 10.00000 7.00000 6.00000
12.00000 19.00000 28.00000 36.00000 45.00000 48.00000 45.00000 36.00000 29.00000 23.00000 19.00000 20.00000 25.00000 28.00000 29.00000 28.00000 23.00000 17.00000 12.00000 9.00000
17.00000 29.00000 44.00000 61.00000 73.00000 79.00000 73.00000 63.00000 47.00000 36.00000 32.00000 35.00000 41.00000 48.00000 51.00000 48.00000 39.00000 29.00000 19.00000 12.00000
23.00000 41.00000 64.00000 89.00000 108.00000 115.00000 108.00000 90.00000 70.00000 54.00000 48.00000 54.00000 64.00000 74.00000 80.00000 74.00000 61.00000 45.00000 29.00000 17.00000
29.00000 52.00000 82.00000 114.00000 138.00000 149.00000 138.00000 117.00000 90.00000 71.00000 64.00000 73.00000 89.00000 105.00000 111.00000 103.00000 85.00000 61.00000 39.00000 23.00000
34.00000 58.00000 92.00000 128.00000 156.00000 168.00000 157.00000 133.00000 103.00000 83.00000 79.00000 89.00000 109.00000 128.00000 135.00000 127.00000 103.00000 74.00000 48.00000 28.00000
32.00000 57.00000 90.00000 127.00000 154.00000 165.00000 157.00000 134.00000 105.00000 86.00000 83.00000 98.00000 118.00000 140.00000 146.00000 135.00000 111.00000 80.00000 51.00000 29.00000
29.00000 50.00000 79.00000 109.00000 133.00000 144.00000 138.00000 119.00000 98.00000 85.00000 86.00000 98.00000 117.00000 134.00000 140.00000 128.00000 103.00000 74.00000 48.00000 28.00000
22.00000 38.00000 60.00000 83.00000 102.00000 112.00000 109.00000 99.00000 87.00000 80.00000 83.00000 93.00000 106.00000 117.00000 119.00000 108.00000 86.00000 61.00000 39.00000 23.00000
16.00000 26.00000 41.00000 57.00000 70.00000 79.00000 82.00000 82.00000 82.00000 82.00000 86.00000 92.00000 98.00000 99.00000 95.00000 82.00000 64.00000 47.00000 29.00000 17.00000
10.00000 16.00000 25.00000 35.00000 45.00000 54.00000 63.00000 73.00000 82.00000 89.00000 95.00000 98.00000 93.00000 86.00000 74.00000 60.00000 45.00000 31.00000 19.00000 12.00000
7.00000 10.00000 15.00000 22.00000 29.00000 39.00000 52.00000 70.00000 87.00000 102.00000 109.00000 106.00000 95.00000 79.00000 60.00000 44.00000 31.00000 20.00000 12.00000 9.00000
6.00000 6.00000 9.00000 13.00000 20.00000 31.00000 48.00000 68.00000 92.00000 109.00000 118.00000 112.00000 96.00000 73.00000 52.00000 34.00000 22.00000 13.00000 7.00000 6.00000
4.00000 4.00000 6.00000 9.00000 16.00000 26.00000 44.00000 66.00000 90.00000 108.00000 117.00000 109.00000 92.00000 68.00000 45.00000 28.00000 16.00000 9.00000 6.00000 4.00000
4.00000 4.00000 4.00000 7.00000 12.00000 22.00000 36.00000 57.00000 79.00000 96.00000 102.00000 96.00000 79.00000 58.00000 38.00000 23.00000 12.00000 7.00000 4.00000 4.00000
4.00000 4.00000 4.00000 6.00000 10.00000 17.00000 29.00000 45.00000 61.00000 74.00000 80.00000 74.00000 61.00000 45.00000 29.00000 17.00000 10.00000 6.00000 4.00000 4.00000
4.00000 4.00000 4.00000 6.00000 7.00000 13.00000 20.00000 31.00000 42.00000 51.00000 55.00000 51.00000 42.00000 31.00000 20.00000 13.00000 7.00000 6.00000 4.00000 4.00000
4.00000 4.00000 4.00000 4.00000 6.00000 9.00000 13.00000 20.00000 26.00000 32.00000 34.00000 32.00000 26.00000 20.00000 13.00000 9.00000 6.00000 4.00000 4.00000 4.00000
4.00000 4.00000 4.00000 4.00000 4.00000 6.00000 9.00000 12.00000 15.00000 17.00000 19.00000 17.00000 15.00000 12.00000 9.00000 6.00000 4.00000 4.00000 4.00000 4.00000
4.00000 4.00000 4.00000 4.00000 4.00000 4.00000 6.00000 7.00000 9.00000 10.00000 10.00000 10.00000 9.00000 7.00000 6.00000 4.00000 4.00000 4.00000 4.00000 4.00000
