0.00000 0.00000 0.00000 1.00000 2.00000 2.00000 2.00000 1.00000 0.00000 0.00000 0.00000 0.00000 0.00000 0.00000 0.00000 0.00000 0.00000 0.00000 0.00000 0.00000
0.00000 1.00000 2.00000 5.00000 10.00000 13.00000 10.00000 5.00000 3.00000 1.00000 1.00000 1.00000 2.00000 2.00000 3.00000 2.00000 1.00000 1.00000 0.00000 0.00000
1.00000 3.00000 9.00000 26.00000 44.00000 55.00000 44.00000 28.00000 12.00000 5.00000 4.00000 5.00000 8.00000 13.00000 15.00000 13.00000 7.00000 3.00000 1.00000 0.00000
1.00000 8.00000 30.00000 80.00000 142.00000 173.00000 142.00000 84.00000 39.00000 18.00000 13.00000 18.00000 30.00000 47.00000 58.00000 47.00000 26.00000 10.00000 3.00000 1.00000
3.00000 16.00000 62.00000 167.00000 301.00000 373.00000 301.00000 180.00000 84.00000 41.00000 30.00000 44.00000 80.00000 131.00000 154.00000 126.00000 69.00000 26.00000 7.00000 1.00000
4.00000 22.00000 88.00000 239.00000 430.00000 534.00000 443.00000 265.00000 126.00000 65.00000 55.00000 80.00000 148.00000 239.00000 283.00000 231.00000 126.00000 47.00000 13.00000 2.00000
4.00000 21.00000 84.00000 231.00000 419.00000 507.00000 443.00000 274.00000 131.00000 72.00000 65.00000 106.00000 187.00000 311.00000 351.00000 283.00000 154.00000 58.00000 15.00000 3.00000
3.00000 14.00000 55.00000 148.00000 265.00000 341.00000 301.00000 194.00000 106.00000 69.00000 72.00000 106.00000 180.00000 274.00000 311.00000 239.00000 126.00000 47.00000 13.00000 2.00000
1.00000 6.00000 24.00000 65.00000 121.00000 160.00000 148.00000 110.00000 76.00000 58.00000 65.00000 92.00000 137.00000 180.00000 194.00000 142.00000 72.00000 26.00000 7.00000 1.00000
0.00000 2.00000 8.00000 21.00000 39.00000 55.00000 62.00000 62.00000 62.00000 62.00000 72.00000 88.00000 106.00000 110.00000 97.00000 62.00000 30.00000 12.00000 3.00000 1.00000
0.00000 0.00000 2.00000 5.00000 10.00000 18.00000 28.00000 44.00000 62.00000 80.00000 97.00000 106.00000 92.00000 72.00000 47.00000 24.00000 10.00000 3.00000 1.00000 0.00000
0.00000 0.00000 0.00000 1.00000 3.00000 7.00000 16.00000 39.00000 76.00000 121.00000 148.00000 137.00000 97.00000 55.00000 24.00000 9.00000 3.00000 1.00000 0.00000 0.00000
0.00000 0.00000 0.00000 0.00000 1.00000 3.00000 13.00000 36.00000 88.00000 148.00000 187.00000 160.00000 101.00000 44.00000 16.00000 4.00000 1.00000 0.00000 0.00000 0.00000
0.00000 0.00000 0.00000 0.00000 0.00000 2.00000 9.00000 32.00000 84.00000 142.00000 180.00000 148.00000 88.00000 36.00000 10.00000 2.00000 0.00000 0.00000 0.00000 0.00000
0.00000 0.00000 0.00000 0.00000 0.00000 1.00000 5.00000 21.00000 55.00000 101.00000 121.00000 101.00000 55.00000 22.00000 6.00000 1.00000 0.00000 0.00000 0.00000 0.00000
0.00000 0.00000 0.00000 0.00000 0.00000 1.00000 3.00000 10.00000 26.00000 47.00000 58.00000 47.00000 26.00000 10.00000 3.00000 1.00000 0.00000 0.00000 0.00000 0.00000
0.00000 0.00000 0.00000 0.00000 0.00000 0.00000 1.00000 3.00000 9.00000 15.00000 19.00000 15.00000 9.00000 3.00000 1.00000 0.00000 0.00000 0.00000 0.00000 0.00000
0.00000 0.00000 0.00000 0.00000 0.00000 0.00000 0.00000 1.00000 2.00000 4.00000 4.00000 4.00000 2.00000 1.00000 0.00000 0.00000 0.00000 0.00000 0.00000 0.00000
0.00000 0.00000 0.00000 0.00000 0.00000 0.00000 0.00000 0.00000 0.00000 1.00000 1.00000 1.00000 0.00000 0.00000 0.00000 0.00000 0.00000 0.00000 0.00000 0.00000
0.00000 0.00000 0.00000 0.00000 0.00000 0.00000 0.00000 0.00000 0.00000 0.00000 0.00000 0.00000 0.00000 0.00000 0.00000 0.00000 0.00000 0.00000 0.00000 0.00000
