0.00000 0.00000 0.00000 0.00000 0.00000 0.00000 0.00000 0.00000 0.00000 0.00000 0.00000 0.00000 0.00000 0.00000 0.00000 0.00000 0.00000 0.00000 0.00000 0.00000
0.00000 0.00000 0.00000 0.00000 0.00000 0.00000 0.00000 0.00000 0.00000 0.00000 0.00000 0.00000 0.00000 0.00000 0.00000 0.00000 0.00000 0.00000 0.00000 0.00000
0.00000 0.00000 0.00000 0.00000 1.00000 1.00000 1.00000 0.00000 0.00000 0.00000 0.00000 0.00000 0.00000 0.00000 0.00000 0.00000 0.00000 0.00000 0.00000 0.00000
0.00000 0.00000 0.00000 5.00000 35.00000 66.00000 35.00000 6.00000 0.00000 0.00000 0.00000 0.00000 0.00000 1.00000 2.00000 1.00000 0.00000 0.00000 0.00000 0.00000
0.00000 0.00000 2.00000 59.00000 420.00000 855.00000 420.00000 75.00000 6.00000 1.00000 0.00000 1.00000 5.00000 26.00000 45.00000 23.00000 3.00000 0.00000 0.00000 0.00000
0.00000 0.00000 7.00000 195.00000 1381.00000 2839.00000 1515.00000 273.00000 23.00000 3.00000 1.00000 5.00000 40.00000 195.00000 340.00000 174.00000 23.00000 1.00000 0.00000 0.00000
0.00000 0.00000 6.00000 174.00000 1257.00000 2382.00000 1515.00000 305.00000 26.00000 4.00000 3.00000 13.00000 85.00000 467.00000 702.00000 340.00000 45.00000 2.00000 0.00000 0.00000
0.00000 0.00000 1.00000 40.00000 273.00000 635.00000 420.00000 96.00000 13.00000 3.00000 4.00000 13.00000 75.00000 305.00000 467.00000 195.00000 23.00000 1.00000 0.00000 0.00000
0.00000 0.00000 0.00000 3.00000 20.00000 51.00000 40.00000 15.00000 4.00000 2.00000 3.00000 8.00000 30.00000 75.00000 96.00000 35.00000 4.00000 0.00000 0.00000 0.00000
0.00000 0.00000 0.00000 0.00000 0.00000 1.00000 2.00000 2.00000 2.00000 2.00000 4.00000 7.00000 13.00000 15.00000 9.00000 2.00000 0.00000 0.00000 0.00000 0.00000
0.00000 0.00000 0.00000 0.00000 0.00000 0.00000 0.00000 1.00000 2.00000 5.00000 9.00000 13.00000 8.00000 4.00000 1.00000 0.00000 0.00000 0.00000 0.00000 0.00000
0.00000 0.00000 0.00000 0.00000 0.00000 0.00000 0.00000 0.00000 4.00000 20.00000 40.00000 30.00000 9.00000 1.00000 0.00000 0.00000 0.00000 0.00000 0.00000 0.00000
0.00000 0.00000 0.00000 0.00000 0.00000 0.00000 0.00000 0.00000 7.00000 40.00000 85.00000 51.00000 11.00000 1.00000 0.00000 0.00000 0.00000 0.00000 0.00000 0.00000
0.00000 0.00000 0.00000 0.00000 0.00000 0.00000 0.00000 0.00000 6.00000 35.00000 75.00000 40.00000 7.00000 0.00000 0.00000 0.00000 0.00000 0.00000 0.00000 0.00000
0.00000 0.00000 0.00000 0.00000 0.00000 0.00000 0.00000 0.00000 1.00000 11.00000 20.00000 11.00000 1.00000 0.00000 0.00000 0.00000 0.00000 0.00000 0.00000 0.00000
0.00000 0.00000 0.00000 0.00000 0.00000 0.00000 0.00000 0.00000 0.00000 1.00000 2.00000 1.00000 0.00000 0.00000 0.00000 0.00000 0.00000 0.00000 0.00000 0.00000
0.00000 0.00000 0.00000 0.00000 0.00000 0.00000 0.00000 0.00000 0.00000 0.00000 0.00000 0.00000 0.00000 0.00000 0.00000 0.00000 0.00000 0.00000 0.00000 0.00000
0.00000 0.00000 0.00000 0.00000 0.00000 0.00000 0.00000 0.00000 0.00000 0.00000 0.00000 0.00000 0.00000 0.00000 0.00000 0.00000 0.00000 0.00000 0.00000 0.00000
0.00000 0.00000 0.00000 0.00000 0.00000 0.00000 0.00000 0.00000 0.00000 0.00000 0.00000 0.00000 0.00000 0.00000 0.00000 0.00000 0.00000 0.00000 0.00000 0.00000
0.00000 0.00000 0.00000 0.00000 0.00000 0.00000 0.00000 0.00000 0.00000 0.00000 0.00000 0.00000 0.00000 0.00000 0.00000 0.00000 0.00000 0.00000 0.00000 0.00000
